AUT	BEL	CZE	DEU	DNK	ESP	EST	FIN	FRA	GRC	HUN	IRL	ITA	LTU	LUX	LVA	NLD	POL	PRT	SVK	SVN	SWE
3.803176565	4.227884072	3.913987017	4.112714643	3.853724939	4.093272115	4.069766475	3.802357782	3.781826032	4.217521184	4.07501534	4.141496362	4.233924805	3.928683302	3.896196378	4.227277908	3.948219908	4.0596435	4.013314029	4.081913672	4.073099198	3.742871697
3.80463543	4.251312575	3.982987115	4.156384913	3.963660652	4.080717888	4.028311556	3.927543095	3.861315774	4.203108362	4.065908928	4.132974155	4.168953698	3.925490075	3.963964753	4.124265976	3.956682611	4.098267185	4.018748433	4.066413672	4.040902929	3.847531791
3.74570474	3.988965423	3.815261299	3.941630351	3.837158175	4.075030588	4.028920655	3.93743134	3.903729342	4.231643205	4.074068579	4.155095351	4.265884314	3.89710093	3.802802575	4.104866267	3.926556837	4.055128065	3.928398425	4.125394452	3.987796499	3.855091811
3.967427149	4.018573162	3.843035164	4.060712266	3.900569054	4.188624572	4.035587664	3.991984121	3.974273181	4.299504281	4.157692255	4.280519933	4.339658906	3.951066551	3.852477444	4.140286495	3.984030714	4.033038782	3.991233608	4.267664091	4.037988752	3.932249183
3.76696875	3.760366518	3.690632365	3.784373578	3.733196799	3.861407923	3.896605933	3.820604146	3.795975846	4.209906936	3.820062133	3.881727015	3.975565478	3.762964844	3.686323465	3.979271701	3.790180583	3.81147931	3.868292028	3.831646409	3.770104428	3.748910019
3.419844643	3.523206594	3.351591465	3.459696691	3.502988351	3.619765167	3.791657773	3.654750354	3.630798849	4.05298031	3.584225414	3.652140678	3.850998304	3.592598543	3.346119433	3.881419142	3.619487872	3.661965536	3.786765802	3.591866571	3.455485427	3.601062286
3.560047341	3.529100162	3.551801697	3.56896381	3.636316713	3.751409338	3.80787081	3.696913481	3.661347466	4.084721291	3.718049832	3.806134246	3.83870348	3.666980605	3.544522138	3.882074415	3.690033439	3.660728553	3.909612281	3.747220598	3.614113083	3.601384207
3.559748782	3.530745259	3.559831767	3.541691235	3.591957216	3.649571778	3.763288965	3.70481278	3.622926646	4.144243387	3.615155408	3.708615694	3.835915548	3.680239056	3.553887725	3.823649141	3.712374195	3.641823536	3.94774353	3.645684902	3.569009029	3.475297437
3.438822008	3.2076288	3.410586804	3.298085908	3.466265243	3.61908172	3.732685734	3.730529639	3.360036182	4.170116383	3.591537727	3.687236822	3.709805796	3.694720015	3.409883296	3.77860973	3.72211016	3.536189882	3.995473487	3.596041001	3.474242503	3.141191278
3.608584958	3.533231525	3.590377031	3.548441884	3.619918104	3.877892604	3.823269265	3.852853483	3.764848978	4.091333094	3.860847544	3.975426192	3.854981887	3.790316054	3.601033256	3.861554114	3.805209397	3.625636418	3.981294918	3.948087323	3.677689637	3.484693332
3.544882678	3.408697339	3.5148209	3.427079659	3.612695589	3.942452458	3.681108433	3.850527696	3.818263965	4.125394031	3.914392169	4.036785344	3.794141724	3.801827766	3.514692127	3.806221249	3.808478292	3.569191448	4.068522773	4.03009465	3.639224411	3.537850844
3.546738077	3.411351779	3.483607655	3.491603414	3.552899475	3.951068878	3.617838525	3.844622583	3.822371783	4.061660515	3.905402723	3.986912731	3.724923999	3.781783874	3.479235452	3.83894973	3.807140731	3.54580402	3.959386508	4.035945791	3.706810682	3.469265254
3.57925003	3.52208272	3.530253723	3.573492359	3.637411473	3.94302617	3.732653104	3.820580296	3.772658664	4.099853851	3.898602918	4.011072924	3.656816508	3.743261497	3.530218815	3.869694627	3.7695507	3.579987697	3.910305044	3.980905801	3.669036151	3.557926548
3.662427971	3.687918986	3.625082218	3.75577858	3.703556548	3.711866618	3.625998731	3.778971603	3.75787356	3.97296034	3.694414802	3.753638869	3.892206324	3.693300186	3.625686974	3.780842242	3.732019266	3.69694039	3.864561854	3.683835039	3.67470842	3.645772341
3.540780259	3.484596411	3.374192316	3.519038278	3.507630076	3.609365592	3.407822103	3.619291923	3.57878094	4.044332623	3.573121404	3.684596227	3.760653298	3.551150302	3.375511507	3.676793017	3.581758951	3.558512272	3.743892616	3.65631567	3.596479396	3.491722803
3.60985791	3.535985333	3.439284781	3.567871463	3.216741775	3.863388714	3.608481777	3.386526006	3.236850145	4.035049911	3.810961709	3.945511732	3.714237252	3.315062535	3.460523591	3.764008573	3.358762128	3.543079876	3.742706333	3.886121939	3.73332862	3.10492535
3.286392025	3.232790701	2.969282195	3.193048463	2.853633355	3.617363707	3.466959263	3.289158649	3.131777602	3.866737499	3.548780831	3.654929076	3.468444263	3.210224144	2.983487967	3.573005007	3.255494192	3.310758573	3.671406953	3.619620016	3.361562001	2.789830787
3.118372638	3.070567719	3.004611956	3.095382139	2.901988004	3.322511739	3.216290705	3.133014894	2.947972645	3.734340831	3.249224824	3.358961353	3.471672637	3.064785275	3.030635536	3.364757822	3.096478342	3.131641582	3.553967622	3.307382272	3.181895297	2.50815347
2.837845089	2.58020001	2.757009701	2.516663955	2.71182345	3.104786314	2.765254897	3.124343686	2.921268473	3.30965707	3.049416205	3.20165224	3.277518034	3.034900945	2.789659069	3.115626458	3.065993086	2.865674877	3.442638598	3.160753388	2.91795194	2.129364574
2.793165833	2.630397149	2.766112463	2.620009019	2.807992357	2.992465378	2.962487834	3.17996781	2.901829862	3.496289195	2.97855617	3.135949538	3.11092579	3.090638331	2.806321801	2.989214581	3.110350236	2.786362556	3.591529395	3.12561156	2.853369118	2.432297887
3.173076104	3.133790238	3.142437476	3.16640415	3.279273841	3.263428988	3.317399219	3.589130566	3.273709445	3.497598364	3.225055487	3.373889974	3.184703159	3.541186714	3.179101648	3.240450896	3.560650207	3.177031482	3.806467652	3.330613852	3.211057948	2.964232761
3.382113032	3.281818851	3.292439062	3.427936313	3.180190435	3.510030154	3.439668499	3.36184144	2.937693477	3.700085128	3.419835389	3.576502773	3.357772045	3.347951199	3.337491843	3.540580438	3.35878161	3.28919333	3.838885957	3.530097963	3.43100464	2.342003107
3.474122773	3.471336923	3.417040347	3.525073556	3.566892364	3.575686023	3.478301521	3.666420168	3.632713004	3.822135834	3.493889759	3.602787794	3.561185607	3.660637198	3.453214256	3.603093748	3.675624507	3.439235026	3.906797214	3.552636229	3.502254536	3.367095025
3.712192226	3.68210022	3.661439877	3.778618853	3.619802239	3.769345079	3.626895219	3.632174798	3.567051389	3.814897332	3.682477298	3.801482429	3.737572242	3.56303382	3.693337724	3.795339738	3.5936485	3.660838867	3.926421655	3.742082511	3.74983709	3.411748255
3.470088164	3.563555148	3.412170971	3.558860116	3.221671912	3.59310398	3.495560472	3.581886041	3.372120993	3.829770256	3.507472306	3.655652546	3.843630147	3.519594003	3.445435705	3.682644399	3.531785313	3.520127602	3.89831036	3.658763016	3.533533574	3.027212187
3.602312485	3.579270525	3.528595533	3.627261592	3.300827628	3.788488608	3.632500879	3.668033296	3.252637993	3.943124259	3.711955497	3.871119	3.745736381	3.607986217	3.563040672	3.799365392	3.628928594	3.621031963	3.929444846	3.799837362	3.694728992	3.019949671
3.810282651	3.746249321	3.665521929	3.809086899	3.555892661	3.936863576	3.632830392	3.770498101	3.601467998	4.056723259	3.871229061	4.042660109	4.014935309	3.712748628	3.693837398	3.903124952	3.712015677	3.780522544	3.987078021	3.983053523	3.889678117	3.294923477
3.953650723	3.947048466	3.849779104	4.000501424	3.880164762	3.994541993	3.986426628	3.929374327	3.865078491	3.953109649	3.831264173	4.009256268	4.316973361	3.867403023	3.88201493	4.014998286	3.895692698	3.876361035	3.956996948	3.931603536	3.970851566	3.777016405
3.820373947	3.76769521	3.763297313	3.80185954	3.867560132	3.867622912	3.233231162	4.024523858	3.97278981	3.909588291	3.757186955	3.903075295	3.99895658	3.964488945	3.803471295	3.940028596	3.982791799	3.785541543	4.033940347	3.78379489	3.869377445	3.844319906
3.859243912	3.717898296	3.713434284	3.821394952	3.776326447	3.95360185	3.70180948	3.714905862	3.567098973	4.033999839	3.854225301	3.973395132	4.223620271	3.743377578	3.737535685	3.99828359	3.67292578	3.769674616	4.031578257	3.901492028	3.925930042	3.479559357
3.99174576	3.917138254	3.866371201	4.045672127	3.819749919	4.085084221	4.055975818	3.715153382	3.525381944	4.133259556	3.988922017	4.101958016	4.360276584	3.66472767	3.896908189	4.122972419	3.669359237	3.859583248	4.021659563	4.042912963	4.039683547	3.412503712
3.896706301	3.889032848	3.842577108	3.909263913	3.946279679	4.005189668	4.078384754	3.816423785	3.742176119	4.120467619	3.908939337	4.05070002	4.519641346	3.776446271	3.869762568	4.130334627	3.769445533	3.896974426	4.119123908	3.969273757	4.01732765	3.652721707
4.185780287	4.176914898	4.161889613	4.191687921	4.24533194	4.27097326	4.281372779	4.21300306	3.942503969	4.387811791	4.174846801	4.312324855	4.467920864	4.206059917	4.189552244	4.320359686	4.22476617	4.206023727	4.26653767	4.237602461	4.251048646	3.690622269
4.304866102	4.219630579	4.253223237	4.248913308	4.325055986	4.45980422	4.373156767	4.364140079	4.280078705	4.601074993	4.346480993	4.507967927	4.905044204	4.327351997	4.291788552	4.507469772	4.363186088	4.2779819	4.34726833	4.429643839	4.380573432	3.957900323
4.291899771	4.231003565	4.257205043	4.236313618	4.364875753	4.575292074	4.504706116	4.404248814	4.128005788	4.778116069	4.464283527	4.637671007	4.813198737	4.318568337	4.289503789	4.595491253	4.348704452	4.32358327	4.349145405	4.610722644	4.371477108	4.094639136
4.775392407	4.768908932	4.705363109	4.792092858	4.762658338	4.836040847	4.881003576	4.741217457	4.400474822	4.859365447	4.734682514	4.848178673	5.198131079	4.646123695	4.737346419	4.92971413	4.695288909	4.770146679	4.556489967	4.775318319	4.804106417	4.371264157
5.008705828	4.945867095	4.794504528	5.030024424	4.652820958	5.200413228	5.127729163	4.58567381	4.076122193	5.235742987	5.103614424	5.218997038	5.28912326	4.500424329	4.82291012	5.234430565	4.530943302	4.942981623	4.562334652	5.1321086	4.923902606	3.994976694
5.187391195	5.132720575	5.010057349	5.257597985	4.863572088	5.260476101	5.080017427	4.681669636	4.35484024	5.374691251	5.160099658	5.303507507	5.2145325	4.652237515	5.030386427	5.261500375	4.687710645	5.062234919	4.691812031	5.227199086	5.120494856	4.263830791
5.41123062	5.326795925	5.251026632	5.488745798	5.174604833	5.405690002	5.258594731	5.232623259	5.161710828	5.397638805	5.310949093	5.42805124	5.440999941	5.144771494	5.278774562	5.475355996	5.180308464	5.297839175	5.11223585	5.305043786	5.34351572	4.913314674
5.105914215	5.069883326	4.912433016	5.220691982	4.662459929	5.21476993	5.092959596	4.8626329	4.567307863	5.365113267	5.10052494	5.25032256	5.19648597	4.752640386	4.983457725	5.250968649	4.811129478	5.054362195	4.88983447	5.096814319	5.16301515	4.346394825
4.965055901	4.885077195	4.643112411	5.079811379	4.586742723	5.149543658	5.072318479	4.552082278	4.279755513	5.284613492	5.032805204	5.187673857	5.049551666	4.402365332	4.703497946	5.175982904	4.483692012	4.937034825	4.676038136	5.067909379	5.02366732	4.032043785
5.477256373	5.368600858	5.287253429	5.519086939	5.345327693	5.517691642	5.392388148	4.904012744	4.332913513	5.510117077	5.428939314	5.551284424	5.550108271	4.8638712	5.347453516	5.518529656	4.908652712	5.347326231	4.841149785	5.426293672	5.515268487	4.526521831
5.063377224	5.013818681	4.868166438	5.275363545	4.950444232	5.099701688	4.960625737	4.493981953	4.241396153	5.392800026	4.991703244	5.133006158	5.273808175	4.466951017	4.937256055	5.26995764	4.481484893	5.039678474	4.689218366	4.962999077	5.076175162	4.259969384
5.025786158	4.950235094	4.897526488	5.099145294	4.993716515	5.140091463	4.919436105	4.888532336	4.744587319	5.290824061	5.022202475	5.200435987	4.811830811	4.792317822	4.979471659	5.165770969	4.895887142	4.950059006	4.803197745	5.094693319	5.115086968	4.38300777
5.221339778	5.156445897	5.091330742	5.330823614	5.22463419	5.318606854	4.792373018	5.01870301	4.794633934	5.336698377	5.197195007	5.333010402	5.04351219	5.074092543	5.174179983	5.308151249	5.181432109	5.085836074	5.068260838	5.21408449	5.283070792	4.546426362
5.679494386	5.545656848	5.452398887	5.800700605	5.404615718	5.745416211	4.599575677	5.313565105	5.062175574	5.693042366	5.598081444	5.777985372	5.447760173	5.379212118	5.561336035	5.773015819	5.493306959	5.457950645	5.240262879	5.673634894	5.720774693	4.126462999
5.980643155	5.859616587	5.82944881	6.003342428	5.964748771	6.019352239	4.659453048	5.748664918	5.40945	5.950307596	5.836138035	6.065271472	5.79976027	5.826615645	5.937148697	5.976237432	5.896309934	5.827037293	5.442462042	5.956112745	6.011961099	5.036326197
5.747127368	5.586940894	5.547567307	5.755948472	5.65036239	5.796105575	4.560911422	5.288941773	5.220798039	5.873463694	5.585746735	5.826624523	5.514048043	5.507686805	5.658987906	5.725249661	5.583920274	5.540373388	5.003215516	5.685428457	5.772560173	5.02915214
4.92617842	4.774124374	4.738021839	4.956517302	4.738917449	5.10064669	4.474361297	5.00526388	4.564984434	5.301789032	4.875690405	5.111941653	4.717602636	4.852939746	4.8262565	5.007489326	4.951135823	4.739166339	4.723643709	5.065722208	5.045336443	4.019169522
5.106709497	4.921031919	4.833894054	5.028074569	4.784497067	5.227283323	4.369561261	5.223910437	5.107710265	5.285644395	4.968916211	5.25003103	4.711104047	5.031180487	4.942192695	5.059502914	5.171895554	4.875904843	4.966622252	5.132863266	5.170514763	4.55841596
5.337535759	5.320804122	5.20374395	5.382201451	5.353550373	5.398218672	4.193131021	5.409714641	5.336182603	5.487448245	5.066147435	5.409092338	5.422247175	5.181002836	5.326216582	5.335173021	5.315871957	5.23850268	4.985662333	5.238082553	5.34665786	5.216023158
4.711553695	4.617395328	4.379234608	4.662359146	4.509129799	4.81364645	3.859689214	4.430953974	4.195833363	5.123882194	4.455465548	4.857612812	4.901300545	4.235572185	4.568578669	4.805209159	4.364663429	4.501414197	4.72439617	4.613082599	4.78383164	4.167640336
4.712695878	4.706972892	4.458231107	4.769788711	4.536282606	4.797355346	4.502356658	4.553665748	4.199276644	4.917659217	4.505951812	4.82567461	4.856119202	4.334554374	4.641109257	4.718940098	4.481556256	4.557304708	4.752129394	4.646648566	4.769731012	4.036223789
4.460392892	4.434406956	4.22236961	4.473764385	4.381835933	4.538079322	4.09623503	4.287928961	4.112415515	4.660742224	4.234223516	4.560187226	4.790838865	4.070101421	4.406134808	4.544784149	4.219157878	4.290033896	4.604406801	4.360476601	4.510328401	3.998056351
4.386492932	4.411108649	4.23267389	4.419157277	4.338151168	4.465426899	3.883622927	4.008348469	3.903324645	4.630692402	4.170362067	4.499160996	4.625123134	3.79264614	4.408229358	4.530415322	3.917606452	4.22592849	4.604746105	4.248302475	4.440688851	3.867551856
4.126134843	4.132577923	4.010706308	4.102904951	4.098359992	4.257954666	3.888086426	4.004704571	3.078666364	4.492521134	3.979160808	4.304346135	4.4433509	3.943783244	4.190864769	4.271586824	4.086402875	3.986827354	4.464816625	4.135489473	4.237940137	3.377754694
4.260258326	4.284564168	4.1424767	4.262843829	4.358679726	4.351835186	4.106767518	4.345555292	3.569844418	4.34253749	4.058965357	4.390043191	4.544248106	4.179886407	4.321567132	4.283062747	4.32642257	4.153187717	4.573368986	4.112064388	4.327748794	3.703657856
4.155275427	4.077433325	3.954457444	4.095990405	3.984525011	4.299995813	4.083441243	4.192451913	3.292581132	4.559072537	4.033668549	4.36873058	4.754418125	4.014825491	4.140460315	4.337061733	4.147782849	3.9060935	4.555252552	4.241094178	4.266263261	3.236537016
4.247267179	4.253341968	4.141211211	4.250646565	4.279015648	4.343580523	4.13924631	4.378205561	3.983242781	4.531145993	4.066905277	4.421141368	4.486889108	4.220735252	4.31054707	4.341186057	4.347202064	4.148511336	4.469785104	4.290030251	4.302310797	3.176746519
4.328020386	4.281723144	4.21550748	4.224028246	4.268125103	4.417189901	4.212708164	4.552862698	3.28189703	4.442506788	4.13176378	4.453102247	4.498090111	4.345207144	4.373063075	4.379232153	4.486793585	4.22652283	4.487542097	4.301516843	4.387468034	2.842081835
4.303883997	4.18969621	4.069326807	4.173421637	3.894335579	4.424339532	4.077294663	4.293046553	3.420925838	4.528090375	4.146939119	4.461490063	4.602890994	4.051081847	4.227607244	4.53148983	4.190509462	4.132883008	4.350860545	4.326263338	4.374929349	3.008036693
4.241427248	4.248856789	4.112029924	4.236188401	4.276855892	4.351330171	3.731206631	4.483688513	4.038857382	4.486599132	4.073733365	4.417470103	4.595121513	4.24080709	4.276452291	4.434886154	4.391186816	4.172918982	4.392835615	4.288256938	4.316375765	3.968700902
4.005127952	3.959098527	3.841594722	3.969303765	4.079716005	4.112956988	3.857595751	4.311840958	4.125483212	4.454258221	3.835135731	4.21526369	4.29668265	4.077253755	4.006100354	4.389145116	4.219661353	3.914372343	4.193492398	4.054613393	4.100892403	3.975925107
4.092015053	4.093329224	3.922610991	4.085915945	4.154567524	4.211599658	3.872265126	4.660854739	4.459590263	4.369094531	3.931136963	4.280804656	4.396113	4.353991867	4.10899548	4.229111472	4.493929152	3.982136365	4.349902107	4.129915215	4.200643827	3.968932234
3.878226527	3.824615879	3.700167594	3.807371358	3.861438014	3.994417905	3.251844622	4.139425149	3.728527012	4.13354641	3.708408602	4.055761182	4.234915075	3.896769178	3.873416716	4.104519906	4.036289986	3.773982212	4.140973494	3.893797913	3.986845668	3.534124709
3.832028591	3.814194526	3.729528073	3.71438614	3.9308398	3.933892774	2.570786077	4.037867829	3.867212738	4.028400032	3.647708158	3.989112063	4.241459052	3.803846464	3.903079753	4.107007874	3.936466949	3.763606242	4.110225054	3.79766386	3.932253629	3.70197678
3.765332407	3.575747078	3.702108461	3.068111796	3.905668741	3.866261403	2.173511938	3.916385549	3.666554675	3.904115609	3.574968197	3.939578384	4.252734609	3.678026669	3.878935018	4.07796442	3.80268695	3.671936253	4.170332889	3.739494385	3.883596887	3.614715227
3.850643273	3.699008921	3.788849067	3.023456692	3.886707617	4.058282801	2.962827186	4.146052522	3.332461375	4.207999624	3.789012621	4.086808726	4.453366926	3.90744102	3.964458685	4.164220593	4.032197483	3.78870189	4.217011456	4.046283441	4.001906593	2.873781549
3.912938029	3.806869218	3.867726424	3.355631943	3.989515455	4.293290794	3.576361852	4.333688544	3.360702696	4.395046392	4.049028762	4.321886413	4.456560675	4.094112406	4.040780869	4.247450515	4.217664828	3.822644015	4.428963481	4.225521142	4.194929304	3.097181758
3.845943308	3.703257845	3.797055256	3.559409473	3.936563466	4.250133235	3.826814238	4.397976985	2.595318483	4.712486374	4.132940107	4.710753526	4.467861554	4.162607431	3.981421569	4.332176722	4.272273692	3.769203076	4.469050764	4.617391025	4.308817302	2.785050876
4.130246395	3.870961775	3.974161658	3.719293576	4.096561818	4.477980345	4.052372195	4.491364171	2.293738673	4.671413905	4.200425886	4.594405903	4.413312515	4.25477659	4.150337698	4.470412972	4.356010246	3.938635666	4.385205649	4.479573671	4.418493445	2.298521139
4.10262944	3.888226792	3.938697564	3.664478728	4.075563737	4.319756936	3.827497846	4.24394254	3.804390591	4.509132856	4.052061434	4.472466615	4.500259434	4.001036012	4.115222825	4.375615473	4.119824238	3.944689732	4.317119963	4.329022285	4.243381687	2.477009689
4.134083656	4.045547851	4.0029162	3.848074172	4.146258414	4.254681127	3.762064024	4.322895838	3.481502318	4.287228752	3.958641381	4.334816373	4.577565762	4.094569881	4.182625173	4.371232984	4.202748257	4.064593881	4.403176196	4.127742875	4.260251242	2.711220393
4.556105175	4.371733854	4.285796705	4.324009725	4.371279446	4.70083417	4.166168142	4.194882756	3.548128483	4.725110217	4.451093541	4.930835498	4.762546801	4.038242243	4.470082815	4.48303425	4.163370387	4.319070768	4.563112163	4.770769758	4.700233137	3.673702669
